a: 0.06268185897261577
b: 0.016207543578168764
c: 0.03513447366274169
d: 0.05384385282680227
e: 0.17349685910858512
f: 0.017240910450602345
g: 0.028907078563076172
h: 0.044380387784515814
i: 0.10355423816387023
j: 0.0026378049112120304
k: 0.01824708345797188
l: 0.03905039023196367
m: 0.019661164441302042
n: 0.07834552524950371
o: 0.032387893291273485
p: 0.008321322709596716
q: 0.0002719386506404155
r: 0.06243711418703941
s: 0.057814157126152343
t: 0.050934109264949824
u: 0.05025426263834879
v: 0.010360862589399831
w: 0.01854621597367634
x: 0.0017404073640986594
y: 0.0011965300628178283
z: 0.012346014739074864
