a: 0.05659043319827047
b: 0.016207543578168764
c: 0.03513447366274169
d: 0.05384385282680227
e: 0.17349685910858512
f: 0.017240910450602345
g: 0.028907078563076172
h: 0.044380387784515814
i: 0.10355423816387023
j: 0.0026378049112120304
k: 0.01824708345797188
l: 0.03905039023196367
m: 0.019661164441302042
n: 0.07834552524950371
o: 0.027955293285834716
p: 0.008321322709596716
q: 0.0002719386506404155
r: 0.06243711418703941
s: 0.056998341174231096
t: 0.050934109264949824
u: 0.0416881951431757
v: 0.010360862589399831
w: 0.01854621597367634
x: 0.0017404073640986594
y: 0.0011965300628178283
z: 0.012346014739074864
"\xDF": 0.0008158159519212466
"\xE4": 0.006091425774345308
"\xF6": 0.004432600005438773
"\xFC": 0.008566067495173088
